6 0.173
4 0.094
10 0.084
8 0.093
7 0.038
7 0.246
7 0.035
9 0.044
4 0.019
7 0.065
4 0.032
8 0.127
4 0.122
5 0.015
9 0.034
4 0.011
7 0.011
4 0.006
6 0.035
8 0.035
6 0.011
6 0.011
4 0.008
6 0.033
8 0.043
8 0.042
6 0.033
8 0.029
7 0.043
6 0.036
8 0.037
5 0.049
7 0.013
7 0.045
4 0.012
7 0.014
6 0.043
4 0.017
8 0.041
4 0.012
6 0.052
8 0.068
6 0.014
8 0.041
6 0.014
7 0.012
4 0.01
8 0.043
4 0.042
7 0.061
4 0.012
7 0.04
4 0.014
4 0.009
5 0.013
6 0.013
5 0.009
7 0.014
12 0.044
7 0.012
6 0.008
4 0.012
4 0.008
9 0.009
6 0.037
5 0.01
6 0.008
9 0.011
6 0.009
6 0.007
