26588 194.50317
23365 76.30481
28411 92.33291
27370 72.50204
26523 79.42936
24872 85.83895
23149 53.27417
27638 67.27865
16465 34.77542
29919 57.74365
29789 70.15531
32861 71.09406
27948 104.04318
26548 63.66644
22182 52.86275
21167 39.53418
28447 62.01201
23407 66.33284
18705 75.5195
23569 51.38078
22542 61.47312
24134 49.6635
17479 40.03307
22838 47.85473
28534 66.77453
20042 49.87398
24392 67.08401
32065 64.66206
26507 58.81242
22559 68.66277
17908 36.18952
20152 46.46801
22185 48.18692
28186 72.29347
21856 44.88175
18579 31.8889
26653 66.55493
