26588 142.411
23365 123.592
28411 182.301
27370 174.721
26523 163.025
24872 160.503
23149 116.424
27638 169.341
16465 80.96
29919 194.958
29789 158.433
32861 166.888
27948 182.876
26548 136.751
22182 103.733
21167 97.722
28447 147.256
23407 122.785
18705 96.45
23569 121.713
22542 115.245
24134 134.201
17479 95.316
22838 131.369
28534 149.639
20042 111.719
24392 152.008
32065 204.756
26507 145.878
22559 129.447
17908 102.111
20152 134.755
22185 115.495
28186 146.287
21856 107.934
18579 98.957
26653 137.888
